Ac 227.0    89  10  3
Ag 107.868  47  5   11
Al 26.98154 13  3   13
Am 241.1    95  10  9  
Ar 39.948   18  3   18     
As 74.9216  33  4   15
At 210.001  85  6   17  
Au 196.9665 79  6   11
B  10.81    5   2   13   
Ba 137.34   56  6   2
Be 9.01218  4   2   2
Bi 208.9804 83  6   15  
Bk 249.1    97  10  11
Br 79.904   35  4   17
C  12.011   6   2   14
Ca 40.08    20  4   2
Cd 112.40   48  5   12
Ce 140.12   58  9   4  
Cf 252.09   98  10  12  
Cl 35.453   17  3   17
Cm 244.1    96  10  10
Co 58.9332  27  4   9
Cr 51.996   24  4   6
Cs 132.9054 55  6   1
Cu 63.546   29  4   11
Dy 162.50   66  9   12
Er 167.26   68  9   14
Es 252.1    99  10  13
Eu 151.96   63  9   9
F  18.99840 9   2   17
Fe 55.847   26  4   8
Fm 257.1    100 10  14
Fr 223.0    87  7   1
Ga 69.72    31  4   13
Gd 157.25   64  9   10  
Ge 72.61    32  4   14
H  1.0079   1   1   1
He 4.00260  2   1   18
Hf 178.49   72  6   4  
Hg 200.59   80  6   12
Ho 164.9304 67  9   13
I  126.9054 53  5   17
In 114.82   49  5   13
Ir 192.22   77  6   9
K  39.098   19  4   1
Kr 83.80    36  4   18
La 138.9055 57  9   3  
Li 6.941    3   2   1
Lr 262.1    103 10  17 
Lu 174.97   71  9   17
Md 258.1    101 10  15
Mg 24.305   12  3   2
Mn 54.9380  25  4   7
Mo 95.94    42  5   6
N  14.0067  7   2   15   
Na 22.98977 11  3   1
Nb 92.9064  41  5   5
Nd 144.24   60  9   6
Ne 20.179   10  2   18
Ni 58.69    28  4   10
No 259.1    102 10  16
Np 237.0    93  10  7
O  15.9994  8   2   16   
Os 190.2    76  6   8
P  30.97376 15  3   15  
Pa 231.0    91  10  5
Pb 207.2    82  6   14
Pd 106.4    46  5   10
Pm 144.9    61  9   7
Po 210.0    84  6   16
Pr 140.9077 59  9   5
Pt 195.09   78  6   10
Pu 239.1    94  10  8
Ra 226.0    88  7   2  
Rb 85.4678  37  5   1
Re 186.2    75  6   7
Rh 102.9055 45  5   9
Rn 222.0    86  6   18
Ru 101.07   44  5   8
S  32.07    16  3   16  
Sb 121.75   51  5   15
Sc 44.9559  21  4   3
Se 78.96    34  4   16   
Si 28.086   14  3   14
Sm 150.4    62  9   8
Sn 118.69   50  5   14
Sr 87.62    38  5   2
Ta 180.9479 73  6   5  
Tb 158.9254 65  9   11
Tc 98.91    43  5   7
Te 127.60   52  5   16
Th 232.0381 90  10  4
Ti 47.87    22  4   4
Tl 204.37   81  6   13
Tm 168.9342 69  9   15
U  238.029  92  10  6  
V  50.9414  23  4   5  
W  183.85   74  6   6
Xe 131.30   54  5   18
Y  88.9059  39  5   3
Yb 173.04   70  9   16
Zn 65.38    30  4   12
Zr 91.22    40  5   4